183.31 12.44 -20.12
183.81 13.06 -20.5
184.38 14.13 -20.5
184.88 15.69 -20.06
185.38 17.62 -19.5
185.56 18.06 -19.75
185.69 18.0 -20.12
185.81 19.5 -19.94
186.0 20.75 -19.5
186.19 21.56 -19.19
186.31 22.19 -18.81
186.38 23.06 -18.25
186.38 24.37 -17.5
186.44 25.31 -16.19
186.13 25.19 -15.63
185.5 24.69 -15.25
184.94 24.25 -14.06
184.5 24.12 -12.94
183.88 23.44 -11.94
182.69 21.75 -10.69
181.88 20.62 -9.63
181.0 19.06 -8.56
179.69 16.06 -6.69
178.75 13.81 -5.25
177.31 11.13 -3.5
174.38 7.25 -0.88
172.0 5.38 0.81
169.25 3.19 2.06
164.31 -0.12 2.75
160.63 -1.75 2.5
156.81 -2.81 1.88
151.19 -3.63 0.25
147.5 -3.63 -1.25
143.75 -3.25 -3.19
138.31 -2.19 -6.31
134.75 -0.88 -8.56
131.44 0.81 -10.56
126.87 4.06 -13.38
124.12 6.63 -15.31
121.81 9.44 -17.12
119.06 13.56 -19.56
117.62 16.19 -21.37
116.69 18.87 -23.31
116.5 22.94 -26.06
117.19 25.06 -27.87
118.25 26.37 -29.81
121.06 27.56 -32.94
123.44 27.75 -35.0
126.25 27.25 -36.75
131.56 25.25 -38.5
135.63 23.31 -39.13
140.0 21.06 -39.63
144.88 18.25 -39.69
153.06 13.06 -38.56
158.5 9.19 -37.63
163.69 4.63 -36.94
170.5 -2.44 -36.19
174.25 -5.63 -35.63
177.56 -7.5 -34.06
181.44 -9.31 -31.94
183.38 -11.06 -31.25
185.0 -12.31 -30.81
186.88 -13.0 -30.0
187.75 -13.06 -29.75
188.44 -13.19 -29.69
189.13 -13.38 -29.5
189.44 -13.31 -29.44
189.69 -13.06 -29.25
189.94 -12.88 -29.0
190.0 -12.94 -29.0
190.06 -12.94 -28.94
190.13 -12.69 -29.0
190.19 -12.5 -29.12
190.25 -12.5 -29.19
190.31 -12.56 -29.31
190.38 -12.44 -29.25
