-1.07 -0.01 0.97
-0.09 0.0 0.53
-0.37 0.26 0.12
-0.29 0.87 -0.81
0.25 -0.17 -0.15
0.49 -0.31 -0.04
0.31 -0.07 -0.35
0.15 -0.05 -0.31
0.13 -0.17 0.02
0.05 0.02 0.2
0.06 -0.09 -0.04
0.08 0.2 -0.11
-0.06 0.01 -0.1
0.03 -0.19 0.07
0.05 0.02 0.17
-0.11 0.11 -0.01
-0.23 -0.06 0.39
0.06 -0.25 0.32
0.18 0.04 0.16
0.19 0.19 0.05
0.06 0.19 -0.1
0.0 0.19 0.29
-0.07 0.44 0.38
0.08 0.36 0.19
0.42 0.76 -0.02
0.44 0.86 0.03
0.56 1.24 0.59
0.52 1.83 0.8
-0.26 3.03 0.85
-0.83 3.5 1.03
-4.02 6.54 0.61
-6.65 10.33 -0.31
-7.41 11.04 -0.78
-7.56 8.02 -1.8
-6.73 6.14 -1.6
-2.81 -2.09 -0.29
-1.25 -4.99 0.46
-0.41 -6.18 0.67
1.77 -8.42 0.72
2.38 -8.58 0.68
2.35 -6.78 -0.49
2.15 -6.02 -0.5
1.81 -5.26 -0.23
1.03 -3.43 -0.54
0.8 -2.88 -0.6
0.06 -1.38 -0.62
-0.04 -0.96 -0.41
0.05 -0.84 -0.18
0.15 -0.86 0.06
0.21 -0.81 0.2
0.35 -0.45 0.15
0.19 -0.33 0.25
-0.12 -0.06 0.24
-0.26 -0.05 0.21
-0.05 0.03 0.15
0.13 0.14 -0.15
0.11 0.05 0.0
-0.08 0.14 0.14
-0.03 0.13 0.14
0.0 0.1 0.16
0.15 0.12 -0.25
0.12 -0.11 -0.1
0.09 -0.08 -0.03
0.12 -0.1 0.02
0.13 -0.08 0.05
0.05 0.11 -0.05
-0.05 0.15 0.13
-0.1 0.03 0.08
-0.16 0.0 0.16
-0.13 -0.04 0.08
0.05 -0.05 -0.11
0.05 -0.03 -0.18
-0.08 0.02 -0.07
-0.03 -0.09 0.08
0.04 -0.19 0.11
0.03 -0.3 0.03
