125.75 16.37 -21.69
125.44 17.19 -22.69
125.19 18.19 -22.31
124.62 19.06 -21.31
123.87 19.81 -19.87
123.62 20.5 -19.12
123.56 20.94 -18.06
122.44 20.37 -17.75
121.69 19.69 -18.0
121.37 19.44 -17.87
121.0 19.19 -17.5
120.56 18.12 -17.12
120.0 16.69 -17.0
119.25 15.0 -16.75
118.75 14.63 -15.88
118.19 14.0 -14.56
117.06 11.5 -13.56
116.25 9.44 -13.69
115.75 7.75 -13.5
115.12 6.5 -11.69
114.62 5.69 -10.38
114.0 4.0 -10.25
113.19 0.69 -11.63
112.62 -0.56 -11.94
112.06 -1.12 -10.94
110.94 -2.63 -10.19
109.94 -4.06 -10.38
108.94 -4.56 -9.81
107.31 -3.06 -8.31
106.25 -1.88 -7.63
105.19 -0.88 -7.81
103.94 1.94 -8.13
103.37 5.25 -7.63
103.12 8.81 -7.06
103.19 14.0 -7.0
103.87 17.69 -7.19
105.19 21.69 -6.94
107.69 26.75 -7.75
110.0 29.87 -8.94
112.94 33.13 -10.06
118.06 37.38 -12.31
121.87 39.25 -14.13
126.19 40.75 -15.81
133.13 42.69 -17.87
137.5 42.94 -18.87
141.69 42.0 -19.25
148.06 39.44 -19.06
152.06 37.25 -18.56
155.5 34.38 -17.69
159.88 29.12 -15.75
162.31 25.69 -14.38
164.19 22.81 -12.81
165.88 18.19 -10.81
166.5 15.19 -9.94
166.88 12.63 -8.94
166.19 8.88 -7.5
165.13 6.44 -6.81
163.81 4.5 -5.81
161.19 2.31 -5.0
158.88 0.94 -4.75
156.5 -0.5 -4.75
152.69 -1.75 -5.0
150.0 -2.0 -5.44
147.38 -2.38 -6.0
143.44 -2.75 -6.94
141.06 -2.31 -7.75
138.81 -1.44 -8.31
135.63 -0.19 -9.0
133.56 0.63 -9.69
131.63 1.81 -10.44
129.25 4.75 -11.25
127.87 7.19 -11.94
126.69 9.44 -12.63
125.06 12.88 -14.13
124.06 15.19 -15.13
123.37 17.44 -15.81
