148.81 18.75 -51.38 -0.06 -0.06 -0.06 144.19 -19.44 -66.56
148.88 18.75 -51.69 -0.06 -0.06 -0.06 144.19 -20.0 -67.0
149.0 18.62 -52.06 -0.06 -0.06 -0.06 144.25 -21.0 -67.37
149.13 18.44 -52.38 -0.06 -0.06 -0.06 144.25 -22.37 -67.87
149.31 18.44 -52.69 -0.06 -0.06 -0.06 144.19 -22.94 -68.5
149.5 18.69 -53.31 -0.06 -0.06 -0.06 143.94 -22.31 -68.81
149.75 18.81 -53.75 -0.06 -0.06 -0.06 144.0 -21.56 -69.0
149.94 18.87 -53.75 -0.06 -0.06 -0.06 144.13 -21.44 -69.0
150.44 18.94 -53.5 -0.06 -0.06 -0.06 144.5 -21.37 -68.87
150.63 19.12 -53.44 -0.06 -0.06 -0.06 144.75 -21.06 -68.69
150.69 19.12 -53.63 -0.06 -0.06 -0.06 144.69 -20.5 -68.5
150.81 19.12 -53.81 -0.06 -0.06 -0.06 144.56 -19.25 -68.37
151.0 19.37 -54.0 -0.06 -0.06 -0.06 144.56 -18.5 -68.06
151.06 19.44 -53.94 -0.06 -0.06 -0.06 144.63 -17.5 -67.87
151.13 19.5 -53.81 -0.06 -0.06 -0.06 144.63 -16.37 -67.5
151.13 19.81 -53.69 -0.06 -0.06 -0.06 144.5 -15.19 -66.69
151.06 20.12 -53.44 -0.06 -0.06 -0.06 144.31 -14.38 -66.0
150.94 20.37 -53.13 -0.06 -0.06 -0.06 144.13 -12.88 -65.25
150.94 20.69 -53.06 -0.06 -0.06 -0.06 143.94 -10.5 -64.56
151.06 21.44 -53.19 -0.06 -0.06 -0.06 143.94 -9.44 -64.19
151.13 21.94 -52.88 -0.06 -0.06 -0.06 144.06 -8.44 -63.75
150.88 22.0 -52.19 -0.06 -0.06 -0.06 143.94 -7.88 -63.25
150.81 22.25 -51.69 -0.06 -0.06 -0.06 143.75 -6.81 -62.63
150.88 22.62 -51.56 -0.06 -0.06 -0.06 143.69 -5.56 -62.25
150.88 22.75 -51.63 -0.06 -0.06 -0.06 143.69 -5.19 -62.06
150.94 22.62 -51.63 -0.06 -0.06 -0.06 143.81 -5.25 -62.19
150.94 22.37 -51.5 -0.06 -0.06 -0.06 143.88 -5.0 -62.31
151.0 22.44 -51.56 -0.06 -0.06 -0.06 143.81 -4.38 -62.06
151.06 22.62 -51.56 -0.06 -0.06 -0.06 143.88 -3.81 -61.94
151.06 22.69 -51.5 -0.06 -0.06 -0.06 143.94 -3.75 -61.88
151.19 22.69 -51.44 -0.06 -0.06 -0.06 144.0 -4.0 -61.94
151.19 22.56 -51.5 -0.06 -0.06 -0.06 144.13 -3.81 -62.0
151.31 22.5 -51.63 -0.06 -0.06 -0.06 144.06 -3.19 -62.0
151.38 22.44 -51.56 -0.06 -0.06 -0.06 144.0 -2.44 -61.69
151.5 22.31 -51.31 -0.06 -0.06 -0.06 144.0 -2.19 -61.63
151.5 22.25 -51.25 -0.06 -0.06 -0.06 144.06 -1.81 -61.5
151.69 22.19 -51.38 -0.06 -0.06 -0.06 144.0 -1.12 -61.5
151.81 22.37 -51.56 -0.06 -0.06 -0.06 144.0 -0.06 -61.5
152.0 22.56 -51.69 -0.06 -0.06 -0.06 144.06 0.69 -61.56
152.06 22.56 -51.69 -0.06 -0.06 -0.06 144.06 1.44 -61.5
152.13 22.56 -51.69 -0.06 -0.06 -0.06 144.06 1.81 -61.5
152.19 22.56 -51.63 -0.06 -0.06 -0.06 143.94 2.63 -61.31
152.25 22.62 -51.56 -0.06 -0.06 -0.06 143.88 3.25 -61.19
152.31 22.62 -51.56 -0.06 -0.06 -0.06 143.88 3.56 -61.19
152.31 22.5 -51.44 -0.06 -0.06 -0.06 143.88 3.38 -61.19
152.31 22.5 -51.31 -0.06 -0.06 -0.06 143.94 3.19 -61.25
152.38 22.44 -51.06 -0.06 -0.06 -0.06 144.13 1.63 -61.13
152.25 22.25 -50.88 -0.06 -0.06 -0.06 144.5 -1.63 -61.25
152.0 21.81 -50.81 -0.06 -0.06 -0.06 145.19 -8.0 -61.94
151.69 21.06 -50.56 -0.06 -0.06 -0.06 145.88 -16.44 -63.75
151.13 20.25 -50.31 -0.06 -0.06 -0.06 146.0 -20.31 -64.81
151.0 20.19 -50.19 -0.06 -0.06 -0.06 146.13 -25.44 -66.19
151.0 20.5 -50.19 -0.06 -0.06 -0.06 146.31 -28.62 -66.87
150.88 20.37 -50.13 -0.06 -0.06 -0.06 146.56 -31.75 -67.62
150.69 19.62 -49.88 -0.06 -0.06 -0.06 146.63 -35.69 -68.75
150.5 19.06 -49.63 -0.06 -0.06 -0.06 146.56 -39.5 -70.19
150.5 19.25 -49.69 -0.06 -0.06 -0.06 146.75 -40.5 -70.44
150.63 19.44 -49.94 -0.06 -0.06 -0.06 146.5 -40.0 -69.94
150.94 20.19 -50.56 -0.06 -0.06 -0.06 145.94 -35.06 -67.56
151.44 20.81 -51.13 -0.06 -0.06 -0.06 145.13 -26.75 -65.06
151.94 21.31 -51.31 -0.06 -0.06 -0.06 144.38 -16.87 -62.13
152.44 21.56 -51.19 -0.06 -0.06 -0.06 144.13 -10.0 -61.13
152.69 21.56 -51.13 -0.06 -0.06 -0.06 144.19 -7.81 -60.94
153.19 21.44 -51.0 -0.06 -0.06 -0.06 144.88 -6.25 -60.88
153.19 21.0 -50.88 -0.06 -0.06 -0.06 145.31 -9.25 -61.31
152.63 20.31 -50.69 -0.06 -0.06 -0.06 145.63 -16.87 -62.38
151.88 19.87 -50.25 -0.06 -0.06 -0.06 146.13 -27.25 -65.06
151.06 19.56 -49.81 -0.06 -0.06 -0.06 146.44 -32.19 -66.87
150.81 19.5 -49.75 -0.06 -0.06 -0.06 146.63 -39.94 -69.69
150.5 19.31 -49.56 -0.06 -0.06 -0.06 146.56 -44.0 -71.25
150.31 19.0 -49.31 -0.06 -0.06 -0.06 146.38 -44.94 -71.06
150.31 19.06 -49.25 -0.06 -0.06 -0.06 145.88 -42.63 -68.94
150.75 19.44 -49.56 -0.06 -0.06 -0.06 145.5 -40.0 -67.31
151.06 19.69 -49.81 -0.06 -0.06 -0.06 144.19 -30.62 -63.25
151.88 20.0 -50.19 -0.06 -0.06 -0.06 143.0 -19.19 -59.75
152.44 20.0 -50.25 -0.06 -0.06 -0.06 143.0 -13.0 -59.31
