-0.14 -0.33 0.2
-0.59 -0.33 0.24
-0.44 0.07 0.18
-0.48 0.23 -0.54
-0.22 -0.25 -0.74
-0.1 -0.25 -0.6
0.03 -0.03 -0.47
-0.22 0.01 -0.42
-0.24 0.27 -0.27
-0.09 0.29 -0.31
-0.05 0.19 -0.3
-0.01 0.31 -0.05
-0.02 0.01 0.0
-0.2 0.0 0.47
-0.19 0.06 0.29
-0.04 0.12 0.21
0.08 0.16 0.24
0.03 -0.06 0.11
-0.13 -0.1 0.29
-0.12 0.23 0.08
0.03 -0.17 0.18
-0.01 -0.28 0.42
-0.04 -0.09 0.18
-0.07 -0.02 0.03
0.02 -0.03 0.08
0.0 -0.14 0.02
0.08 -0.24 0.21
0.04 -0.12 0.04
-0.12 0.07 0.0
-0.07 -0.34 0.07
0.02 -0.57 0.04
0.12 -0.47 -0.05
0.13 -0.52 0.0
0.08 -1.2 0.29
0.21 -1.8 0.45
0.19 -2.04 0.49
0.3 -2.02 0.44
0.6 -2.39 0.31
0.68 -3.41 0.54
1.26 -5.19 1.18
2.63 -9.47 2.7
2.68 -10.87 3.06
1.55 -9.97 1.92
0.9 -9.26 0.97
-0.59 -5.73 -1.82
-2.55 -1.61 -3.3
-5.01 2.35 -2.8
-8.31 8.11 -1.13
-8.7 10.1 -0.08
-7.14 9.59 0.69
-4.51 6.88 1.22
-3.27 5.62 1.32
-1.74 4.06 0.93
-1.02 3.6 0.35
-0.04 2.21 -0.09
0.56 1.31 -0.35
0.59 0.87 -0.38
0.1 0.62 -0.02
-0.12 0.58 0.34
-0.25 0.4 0.21
-0.26 0.45 -0.03
-0.21 0.48 -0.08
-0.16 0.18 -0.09
0.14 -0.18 -0.09
0.25 -0.31 0.07
0.23 -0.35 0.02
0.11 -0.21 0.17
0.06 -0.19 0.2
0.16 -0.17 0.34
0.14 -0.12 -0.02
0.06 -0.12 0.0
0.15 -0.1 -0.1
0.15 -0.16 -0.1
0.04 -0.31 0.24
-0.04 -0.37 0.19
-0.04 -0.25 0.05
