-1.09 -1.95 0.06
-0.86 -3.06 0.18
-1.22 -2.27 -0.48
-0.56 -1.94 -0.62
-0.47 -1.34 -0.9
-0.04 -1.41 -0.24
-0.22 -1.72 0.65
-0.35 -1.08 0.71
-0.47 0.57 0.05
-0.12 0.45 0.19
0.62 -0.57 1.24
0.84 -0.66 1.61
0.96 -0.22 1.8
1.54 -0.56 3.04
1.63 -0.34 3.35
1.49 0.75 3.71
1.15 1.24 3.76
-0.4 3.26 3.54
-1.33 4.16 3.44
-2.02 4.22 3.49
-3.11 5.32 1.84
-3.86 6.05 1.0
-4.26 5.63 -0.05
-4.31 5.17 -0.67
-4.4 4.57 -1.89
-4.57 3.74 -2.72
-4.87 3.04 -3.21
-4.63 1.58 -3.71
-4.49 0.11 -3.88
-4.1 -1.27 -4.31
-3.79 -2.2 -4.72
-3.23 -3.82 -4.81
-2.64 -4.99 -5.06
-2.35 -5.59 -5.26
-1.66 -5.75 -5.44
-1.43 -5.75 -5.48
-0.69 -6.68 -4.32
-0.13 -6.54 -3.46
-0.18 -5.73 -3.37
0.18 -6.33 -2.18
0.79 -6.74 -1.36
1.39 -6.57 0.18
1.23 -6.29 1.21
1.35 -6.44 3.04
1.37 -6.24 4.89
0.98 -5.47 5.38
0.0 -4.38 6.79
0.01 -3.35 7.3
0.02 -1.87 7.72
-0.23 -0.43 8.43
-0.37 0.23 8.74
-0.81 1.48 9.23
-1.22 2.4 8.9
-1.99 3.24 7.86
-2.85 3.74 6.85
-3.6 4.4 4.4
-3.66 4.29 1.47
-3.66 4.06 -0.45
-3.32 3.48 -3.44
-3.03 2.83 -4.93
-2.18 1.92 -6.81
-1.5 1.26 -7.22
-0.52 0.74 -7.33
-0.06 -0.26 -6.17
-0.09 -0.51 -4.73
-0.24 -0.3 -3.06
0.13 -0.46 -1.84
0.23 -0.61 -0.06
-0.04 -0.39 1.27
-0.25 -0.24 1.98
-0.35 -0.09 1.76
-0.15 0.15 1.27
0.28 0.31 0.61
0.33 0.35 0.3
0.21 0.43 0.24
0.04 0.26 0.08
