159.0 22.5 -102.62 -0.06 -0.06 -0.06 119.87 13.69 -109.19
160.06 22.75 -102.69 -0.06 -0.06 -0.06 122.62 14.19 -109.25
162.06 23.31 -102.81 -0.06 -0.06 -0.06 125.5 14.63 -108.87
163.94 23.62 -102.56 -0.06 -0.06 -0.06 127.56 14.75 -108.69
165.44 23.81 -102.44 -0.06 -0.06 -0.06 128.69 14.69 -108.62
166.69 23.87 -102.69 -0.06 -0.06 -0.06 130.25 14.69 -108.62
167.88 23.87 -103.06 -0.06 -0.06 -0.06 130.94 14.63 -108.69
168.0 23.87 -103.25 -0.06 -0.06 -0.06 131.25 14.69 -109.0
168.06 23.87 -103.94 -0.06 -0.06 -0.06 131.13 15.19 -109.5
168.63 23.94 -104.94 -0.06 -0.06 -0.06 131.13 15.44 -109.87
169.38 23.87 -105.69 -0.06 -0.06 -0.06 131.38 15.88 -110.44
170.31 23.81 -105.87 -0.06 -0.06 -0.06 132.0 16.06 -110.81
171.0 23.87 -105.81 -0.06 -0.06 -0.06 133.19 16.19 -111.0
171.44 23.87 -105.87 -0.06 -0.06 -0.06 134.25 16.31 -111.12
172.63 23.81 -106.12 -0.06 -0.06 -0.06 135.19 16.56 -111.62
173.5 23.81 -106.56 -0.06 -0.06 -0.06 135.81 16.69 -111.75
174.31 23.75 -106.81 -0.06 -0.06 -0.06 136.5 16.87 -112.12
175.31 23.75 -106.69 -0.06 -0.06 -0.06 137.56 16.87 -112.19
175.56 23.75 -106.56 -0.06 -0.06 -0.06 138.44 16.87 -112.12
176.0 23.75 -106.31 -0.06 -0.06 -0.06 139.19 16.87 -112.12
176.81 23.75 -106.62 -0.06 -0.06 -0.06 139.5 16.87 -112.31
177.44 23.87 -107.0 -0.06 -0.06 -0.06 140.19 17.0 -112.5
178.06 24.12 -106.94 -0.06 -0.06 -0.06 140.69 17.06 -112.44
178.44 24.44 -106.37 -0.06 -0.06 -0.06 142.13 17.0 -111.94
178.63 24.5 -106.06 -0.06 -0.06 -0.06 143.19 16.87 -111.37
179.19 24.5 -105.69 -0.06 -0.06 -0.06 143.69 16.75 -111.44
179.5 24.37 -105.81 -0.06 -0.06 -0.06 143.69 16.75 -111.5
179.5 24.25 -106.06 -0.06 -0.06 -0.06 143.31 16.62 -111.56
179.19 24.0 -105.69 -0.06 -0.06 -0.06 142.75 16.19 -111.44
178.81 23.81 -105.31 -0.06 -0.06 -0.06 142.56 15.5 -111.19
177.69 23.44 -104.37 -0.06 -0.06 -0.06 141.88 14.75 -110.75
176.06 23.06 -103.44 -0.06 -0.06 -0.06 141.31 14.31 -110.62
173.38 22.75 -102.37 -0.06 -0.06 -0.06 139.44 13.5 -110.0
168.81 22.12 -100.87 -0.06 -0.06 -0.06 135.81 12.13 -108.94
161.31 20.62 -98.5 -0.06 -0.06 -0.06 129.81 9.75 -108.06
156.13 19.62 -97.06 -0.06 -0.06 -0.06 120.5 6.19 -106.56
142.31 17.19 -93.44 -0.06 -0.06 -0.06 107.31 1.44 -104.94
125.0 14.81 -88.94 -0.06 -0.06 -0.06 99.56 -0.69 -104.0
107.75 12.69 -84.69 -0.06 -0.06 -0.06 85.5 -4.19 -101.69
94.75 9.94 -81.69 -0.06 -0.06 -0.06 75.31 -7.0 -101.0
90.19 8.63 -81.06 -0.06 -0.06 -0.06 69.5 -9.06 -102.0
85.06 6.19 -79.94 -0.06 -0.06 -0.06 68.19 -11.31 -102.12
83.19 4.06 -78.56 -0.06 -0.06 -0.06 68.37 -12.38 -102.25
82.44 2.94 -78.0 -0.06 -0.06 -0.06 68.25 -13.81 -102.31
81.5 2.56 -78.56 -0.06 -0.06 -0.06 67.19 -14.5 -102.56
81.62 1.81 -80.0 -0.06 -0.06 -0.06 65.94 -14.75 -107.25
81.69 1.25 -81.62 -0.06 -0.06 -0.06 66.12 -16.25 -104.44
80.37 0.44 -80.25 -0.06 -0.06 -0.06 66.06 -16.75 -103.62
80.94 -0.44 -80.06 -0.06 -0.06 -0.06 66.56 -17.75 -105.37
81.5 -0.63 -79.81 -0.06 -0.06 -0.06 67.0 -18.56 -105.25
81.06 -1.25 -79.37 -0.06 -0.06 -0.06 66.87 -19.12 -105.56
80.87 -1.44 -79.31 -0.06 -0.06 -0.06 66.62 -19.62 -105.75
80.5 -1.69 -79.19 -0.06 -0.06 -0.06 66.44 -19.81 -105.75
79.75 -1.94 -79.19 -0.06 -0.06 -0.06 65.69 -20.19 -106.06
78.75 -2.13 -79.62 -0.06 -0.06 -0.06 64.62 -20.25 -106.5
77.69 -2.31 -80.12 -0.06 -0.06 -0.06 63.56 -20.06 -106.81
77.31 -2.44 -80.31 -0.06 -0.06 -0.06 63.0 -19.94 -107.06
76.87 -2.63 -80.37 -0.06 -0.06 -0.06 62.81 -20.0 -106.94
76.56 -2.81 -80.12 -0.06 -0.06 -0.06 62.81 -20.12 -106.94
76.25 -3.13 -80.0 -0.06 -0.06 -0.06 62.69 -20.37 -107.0
75.62 -3.44 -80.19 -0.06 -0.06 -0.06 62.19 -20.5 -107.25
75.0 -3.5 -80.44 -0.06 -0.06 -0.06 61.31 -20.37 -107.56
74.81 -3.5 -80.56 -0.06 -0.06 -0.06 60.81 -20.31 -107.69
74.75 -3.5 -80.62 -0.06 -0.06 -0.06 60.75 -20.37 -107.69
75.0 -3.56 -80.44 -0.06 -0.06 -0.06 61.0 -20.62 -107.75
75.12 -3.56 -80.19 -0.06 -0.06 -0.06 61.31 -20.87 -107.62
74.12 -3.63 -80.06 -0.06 -0.06 -0.06 61.31 -20.87 -107.56
74.12 -3.63 -80.06 -0.06 -0.06 -0.06 61.31 -20.81 -107.5
74.25 -3.56 -80.12 -0.06 -0.06 -0.06 61.38 -20.75 -107.44
73.5 -3.5 -80.19 -0.06 -0.06 -0.06 61.31 -20.75 -107.44
73.44 -3.5 -80.25 -0.06 -0.06 -0.06 60.81 -20.75 -107.5
73.37 -3.5 -80.12 -0.06 -0.06 -0.06 60.81 -20.81 -107.44
72.87 -3.5 -80.0 -0.06 -0.06 -0.06 60.94 -20.87 -107.44
73.0 -3.5 -79.94 -0.06 -0.06 -0.06 60.94 -21.0 -107.37
73.31 -3.56 -79.87 -0.06 -0.06 -0.06 61.13 -21.06 -107.37
72.75 -3.56 -79.81 -0.06 -0.06 -0.06 61.19 -21.12 -107.37
