-0.19 -4.39 -2.42
-0.16 -5.94 -0.83
-1.04 -3.13 -2.47
-1.93 -1.96 -3.16
-1.29 -0.75 -3.9
-0.41 0.66 -4.99
-1.31 0.51 -3.89
-1.94 1.67 -3.74
-2.58 3.41 -4.27
-2.58 3.59 -4.81
-2.88 2.64 -2.99
-3.73 3.77 -2.72
-4.38 5.24 -2.56
-4.36 4.47 -1.75
-3.78 3.44 0.09
-4.17 2.49 3.32
-4.51 3.55 3.89
-3.42 1.84 5.44
-2.81 0.71 6.51
-2.54 -0.47 7.51
-2.26 -1.9 9.33
-2.09 -1.99 9.17
-1.76 -3.08 8.54
-1.54 -3.82 8.15
-1.25 -4.23 6.68
-0.89 -4.75 5.71
-0.79 -5.06 4.95
-0.58 -5.44 3.31
-0.57 -5.64 2.05
-0.35 -6.48 0.64
-0.16 -6.93 -0.47
-0.29 -6.91 -1.65
-0.21 -6.48 -3.77
-0.14 -6.86 -4.24
-0.15 -7.68 -4.87
-0.33 -7.79 -5.32
-0.65 -6.83 -6.7
-1.08 -6.48 -6.98
-1.46 -6.08 -7.09
-1.65 -5.66 -7.65
-1.84 -5.71 -7.95
-1.72 -5.34 -8.61
-1.16 -4.71 -8.77
-0.51 -2.6 -8.62
-0.78 -0.24 -7.72
-2.67 3.11 -5.5
-8.07 7.65 2.0
-10.81 8.04 8.66
-12.85 8.64 13.94
-8.98 8.97 10.74
-5.03 7.24 8.81
-0.54 4.08 5.68
0.93 2.57 3.55
1.47 1.44 0.79
1.7 1.09 -0.53
1.7 0.62 -1.32
0.83 -0.27 -0.75
0.28 -0.61 -0.15
-0.58 -0.05 0.31
-0.62 -0.14 -0.12
-0.03 -0.42 -0.24
0.23 -0.63 -0.22
0.06 -0.43 -0.13
-0.06 -0.4 0.14
-0.11 -0.1 0.1
-0.21 0.32 0.25
-0.17 0.26 0.34
-0.17 0.0 0.48
-0.08 0.16 0.21
-0.07 0.23 0.06
0.15 0.06 0.29
0.13 0.13 0.33
0.14 0.1 0.05
0.27 -0.07 0.01
0.28 -0.14 -0.05
0.2 -0.02 -0.03
