113.12 19.06 -86.19 -0.06 -0.06 -0.06 95.94 -2.63 -97.62
113.0 18.94 -86.19 -0.06 -0.06 -0.06 95.87 -2.81 -97.69
112.87 18.87 -86.06 -0.06 -0.06 -0.06 95.12 -3.75 -97.62
112.31 18.5 -85.37 -0.06 -0.06 -0.06 94.94 -4.88 -97.5
111.44 17.94 -84.31 -0.06 -0.06 -0.06 94.37 -5.31 -97.5
110.81 17.37 -83.75 -0.06 -0.06 -0.06 94.5 -5.44 -97.44
110.62 17.25 -83.94 -0.06 -0.06 -0.06 94.37 -6.0 -97.75
110.25 17.19 -83.81 -0.06 -0.06 -0.06 93.56 -6.81 -97.56
109.87 17.06 -83.37 -0.06 -0.06 -0.06 93.37 -7.31 -97.5
109.31 16.81 -82.44 -0.06 -0.06 -0.06 93.81 -7.19 -97.31
109.44 16.69 -82.44 -0.06 -0.06 -0.06 93.81 -7.13 -97.31
109.44 16.62 -82.87 -0.06 -0.06 -0.06 93.87 -7.25 -97.62
109.37 16.62 -83.06 -0.06 -0.06 -0.06 93.75 -7.69 -97.44
108.75 16.25 -82.5 -0.06 -0.06 -0.06 93.31 -7.94 -97.37
107.81 15.5 -81.81 -0.06 -0.06 -0.06 93.12 -7.94 -97.69
107.31 15.0 -82.06 -0.06 -0.06 -0.06 92.94 -8.0 -97.87
107.19 14.63 -82.5 -0.06 -0.06 -0.06 92.5 -8.31 -98.25
107.06 14.44 -82.5 -0.06 -0.06 -0.06 92.75 -8.69 -98.12
106.69 13.88 -81.87 -0.06 -0.06 -0.06 93.19 -8.81 -97.69
106.5 13.38 -81.12 -0.06 -0.06 -0.06 93.5 -8.75 -97.62
106.56 13.0 -81.25 -0.06 -0.06 -0.06 93.81 -8.25 -98.06
107.37 12.88 -82.31 -0.06 -0.06 -0.06 93.62 -7.44 -98.94
107.94 12.88 -82.94 -0.06 -0.06 -0.06 94.44 -6.75 -99.62
109.31 13.0 -83.75 -0.06 -0.06 -0.06 95.75 -6.31 -99.69
110.62 13.31 -83.69 -0.06 -0.06 -0.06 96.31 -6.13 -99.5
111.94 13.63 -83.44 -0.06 -0.06 -0.06 97.75 -5.44 -99.37
113.62 14.0 -83.94 -0.06 -0.06 -0.06 99.25 -4.44 -99.56
114.62 14.25 -84.5 -0.06 -0.06 -0.06 100.94 -3.38 -100.12
117.06 14.69 -85.69 -0.06 -0.06 -0.06 102.87 -2.44 -100.62
119.62 15.25 -86.37 -0.06 -0.06 -0.06 104.06 -1.88 -100.69
123.06 16.06 -86.81 -0.06 -0.06 -0.06 107.5 -0.5 -100.62
128.13 17.25 -87.37 -0.06 -0.06 -0.06 112.94 1.06 -100.31
131.38 18.0 -87.62 -0.06 -0.06 -0.06 120.81 2.5 -99.19
140.13 20.19 -87.06 -0.06 -0.06 -0.06 131.63 3.94 -96.37
151.06 23.31 -84.75 -0.06 -0.06 -0.06 137.25 4.75 -94.62
161.5 26.44 -82.75 -0.06 -0.06 -0.06 147.25 7.19 -92.81
170.5 28.94 -83.81 -0.06 -0.06 -0.06 154.94 10.06 -92.69
174.19 29.81 -85.0 -0.06 -0.06 -0.06 160.25 11.88 -93.87
179.63 29.56 -86.94 -0.06 -0.06 -0.06 164.13 12.06 -96.31
184.63 28.19 -88.25 -0.06 -0.06 -0.06 167.25 11.81 -98.69
188.69 26.62 -89.62 -0.06 -0.06 -0.06 168.31 11.69 -100.0
192.31 24.75 -92.44 -0.06 -0.06 -0.06 169.94 11.5 -103.5
194.0 23.75 -94.25 -0.06 -0.06 -0.06 171.06 11.13 -106.87
197.31 21.81 -97.44 -0.06 -0.06 -0.06 172.44 10.56 -109.06
200.31 20.5 -99.25 -0.06 -0.06 -0.06 174.06 9.94 -110.25
202.5 19.37 -99.87 -0.06 -0.06 -0.06 174.81 9.63 -110.81
203.88 18.31 -100.19 -0.06 -0.06 -0.06 175.69 9.19 -112.19
205.06 17.31 -101.0 -0.06 -0.06 -0.06 176.0 8.94 -113.75
205.56 16.87 -101.69 -0.06 -0.06 -0.06 176.06 8.75 -114.87
206.69 16.31 -102.69 -0.06 -0.06 -0.06 176.25 8.5 -115.31
207.69 15.88 -102.62 -0.06 -0.06 -0.06 176.44 8.38 -115.56
208.56 15.44 -102.75 -0.06 -0.06 -0.06 176.56 8.31 -116.19
209.38 15.0 -103.62 -0.06 -0.06 -0.06 176.06 8.44 -117.12
210.75 14.75 -104.19 -0.06 -0.06 -0.06 176.13 8.44 -117.44
210.81 14.81 -104.19 -0.06 -0.06 -0.06 176.19 8.5 -117.19
210.56 14.94 -103.75 -0.06 -0.06 -0.06 176.19 8.56 -117.12
210.81 14.94 -103.75 -0.06 -0.06 -0.06 176.06 8.63 -117.25
210.69 14.94 -104.44 -0.06 -0.06 -0.06 175.44 8.94 -117.69
210.75 15.06 -105.0 -0.06 -0.06 -0.06 174.81 9.13 -117.69
210.19 15.38 -104.69 -0.06 -0.06 -0.06 174.56 9.19 -117.25
209.94 15.5 -104.37 -0.06 -0.06 -0.06 175.25 9.25 -117.12
210.0 15.56 -104.19 -0.06 -0.06 -0.06 175.13 9.31 -117.37
210.25 15.31 -104.69 -0.06 -0.06 -0.06 175.0 9.31 -117.62
210.5 15.19 -105.06 -0.06 -0.06 -0.06 175.25 9.31 -117.81
210.94 15.25 -104.75 -0.06 -0.06 -0.06 175.44 9.31 -117.56
210.94 15.31 -104.56 -0.06 -0.06 -0.06 176.06 9.31 -117.44
211.0 15.38 -104.44 -0.06 -0.06 -0.06 176.06 9.38 -117.56
211.38 15.25 -104.69 -0.06 -0.06 -0.06 175.94 9.38 -117.69
211.38 15.06 -104.94 -0.06 -0.06 -0.06 175.88 9.38 -117.94
211.63 15.0 -105.0 -0.06 -0.06 -0.06 175.81 9.31 -118.06
211.63 15.0 -104.94 -0.06 -0.06 -0.06 175.94 9.31 -118.0
211.69 15.06 -104.87 -0.06 -0.06 -0.06 176.63 9.31 -117.94
211.94 15.06 -104.87 -0.06 -0.06 -0.06 176.56 9.25 -118.0
211.94 14.94 -104.94 -0.06 -0.06 -0.06 176.44 9.25 -118.06
211.94 14.81 -104.94 -0.06 -0.06 -0.06 176.69 9.13 -118.12
212.25 14.69 -104.94 -0.06 -0.06 -0.06 176.56 9.19 -118.31
