139.69 43.19 -11.0 -0.06 -0.06 -0.06 150.31 -5.06 -29.12
139.19 44.06 -10.38 -0.06 -0.06 -0.06 149.94 -4.13 -28.87
138.44 45.13 -10.13 -0.06 -0.06 -0.06 149.63 -3.56 -28.69
138.38 45.13 -10.25 -0.06 -0.06 -0.06 149.44 -3.13 -28.62
138.5 44.5 -10.44 -0.06 -0.06 -0.06 149.13 -2.56 -29.06
138.5 44.44 -10.5 -0.06 -0.06 -0.06 148.94 -2.06 -29.19
138.13 45.25 -10.63 -0.06 -0.06 -0.06 148.56 -1.25 -29.19
137.25 46.0 -11.0 -0.06 -0.06 -0.06 147.88 -0.81 -29.44
136.81 46.25 -11.63 -0.06 -0.06 -0.06 147.06 0.0 -29.62
136.81 46.38 -12.44 -0.06 -0.06 -0.06 146.44 1.25 -30.12
136.56 46.56 -12.81 -0.06 -0.06 -0.06 146.19 1.81 -30.37
136.5 47.0 -13.31 -0.06 -0.06 -0.06 145.94 2.44 -30.75
136.44 47.06 -13.56 -0.06 -0.06 -0.06 145.5 2.38 -31.19
136.19 47.38 -14.06 -0.06 -0.06 -0.06 145.25 2.0 -31.62
136.13 47.69 -14.75 -0.06 -0.06 -0.06 144.94 2.63 -32.0
136.13 47.69 -15.31 -0.06 -0.06 -0.06 144.25 3.75 -32.13
136.13 47.63 -15.56 -0.06 -0.06 -0.06 144.19 3.94 -32.25
136.0 47.44 -15.75 -0.06 -0.06 -0.06 144.13 3.56 -32.5
135.94 47.31 -15.69 -0.06 -0.06 -0.06 143.81 3.0 -32.56
135.88 47.19 -15.81 -0.06 -0.06 -0.06 143.69 3.06 -32.75
135.69 47.44 -16.06 -0.06 -0.06 -0.06 143.25 3.88 -32.75
135.56 47.63 -16.25 -0.06 -0.06 -0.06 143.19 3.94 -32.69
135.56 47.38 -16.19 -0.06 -0.06 -0.06 143.31 3.5 -32.63
135.81 46.38 -15.75 -0.06 -0.06 -0.06 143.31 2.5 -32.63
135.81 46.13 -15.75 -0.06 -0.06 -0.06 143.19 2.63 -32.69
135.75 46.5 -17.06 -0.06 -0.06 -0.06 142.81 2.94 -33.31
136.06 46.19 -19.56 -0.06 -0.06 -0.06 142.5 2.56 -34.69
137.44 44.0 -24.5 -0.06 -0.06 -0.06 142.5 1.94 -36.0
138.44 42.44 -28.19 -0.06 -0.06 -0.06 142.56 0.0 -40.75
140.63 39.0 -37.44 -0.06 -0.06 -0.06 142.44 -1.81 -48.0
143.13 35.06 -47.13 -0.06 -0.06 -0.06 142.13 -3.75 -56.38
145.81 30.06 -56.13 -0.06 -0.06 -0.06 141.94 -6.0 -65.25
148.81 24.0 -64.37 -0.06 -0.06 -0.06 141.25 -7.88 -75.19
150.25 20.75 -68.5 -0.06 -0.06 -0.06 140.63 -8.38 -80.69
153.06 14.19 -79.62 -0.06 -0.06 -0.06 138.25 -8.56 -93.19
156.31 7.75 -90.44 -0.06 -0.06 -0.06 134.25 -7.56 -105.75
159.44 1.44 -101.31 -0.06 -0.06 -0.06 129.31 -5.63 -118.12
161.88 -3.31 -111.0 -0.06 -0.06 -0.06 123.44 -3.19 -128.88
164.5 -7.0 -121.06 -0.06 -0.06 -0.06 119.69 -1.81 -133.69
166.06 -8.38 -126.37 -0.06 -0.06 -0.06 292.88 1.94 -144.5
321.19 -10.56 -138.31 -0.06 -0.06 -0.06 291.63 7.06 -155.5
317.94 -12.19 -149.94 -0.06 -0.06 -0.06 291.31 11.31 -165.0
315.31 -12.56 -159.38 -0.06 -0.06 -0.06 291.56 15.0 -173.13
313.19 -11.06 -168.13 -0.06 -0.06 -0.06 291.75 19.06 179.0
312.38 -10.5 -172.06 -0.06 -0.06 -0.06 291.81 20.81 175.38
311.19 -10.13 -179.19 -0.06 -0.06 -0.06 292.06 24.0 168.69
310.06 -9.25 174.63 -0.06 -0.06 -0.06 292.19 26.62 163.06
309.0 -7.94 170.5 -0.06 -0.06 -0.06 291.88 28.5 159.44
307.88 -7.0 167.56 -0.06 -0.06 -0.06 291.31 30.06 156.31
306.88 -6.5 164.81 -0.06 -0.06 -0.06 291.0 30.69 154.75
306.5 -6.38 163.69 -0.06 -0.06 -0.06 290.75 31.81 152.5
306.13 -5.81 162.19 -0.06 -0.06 -0.06 290.69 32.5 151.06
305.81 -5.06 161.0 -0.06 -0.06 -0.06 290.63 33.13 149.88
305.56 -4.56 160.38 -0.06 -0.06 -0.06 290.44 33.56 149.19
305.31 -4.06 159.81 -0.06 -0.06 -0.06 215.19 34.13 148.5
305.31 -3.94 159.63 -0.06 -0.06 -0.06 215.44 34.25 148.44
305.31 -3.69 159.5 -0.06 -0.06 -0.06 216.0 34.56 148.38
305.25 -3.25 159.44 -0.06 -0.06 -0.06 216.75 35.06 148.38
305.06 -2.75 159.75 -0.06 -0.06 -0.06 217.44 35.19 148.81
304.94 -2.5 160.19 -0.06 -0.06 -0.06 217.63 35.06 149.19
304.94 -2.75 160.31 -0.06 -0.06 -0.06 217.63 35.0 149.25
304.94 -2.94 160.38 -0.06 -0.06 -0.06 217.63 34.81 149.44
304.88 -2.81 160.44 -0.06 -0.06 -0.06 218.38 35.06 149.69
304.81 -2.31 160.56 -0.06 -0.06 -0.06 218.94 35.31 149.75
304.81 -2.06 160.5 -0.06 -0.06 -0.06 218.88 35.44 149.56
305.0 -2.31 160.38 -0.06 -0.06 -0.06 219.19 35.5 149.56
305.13 -2.56 160.31 -0.06 -0.06 -0.06 219.13 35.5 149.44
305.19 -2.5 160.31 -0.06 -0.06 -0.06 219.5 35.69 149.44
305.19 -2.25 160.31 -0.06 -0.06 -0.06 219.19 35.69 149.19
305.31 -2.25 160.5 -0.06 -0.06 -0.06 218.94 35.31 149.38
305.69 -2.88 160.88 -0.06 -0.06 -0.06 290.75 34.75 149.75
305.88 -3.38 161.25 -0.06 -0.06 -0.06 290.94 34.5 149.88
305.94 -3.44 161.44 -0.06 -0.06 -0.06 291.06 34.13 150.0
305.88 -3.31 161.5 -0.06 -0.06 -0.06 290.94 34.19 149.88
305.88 -3.13 161.56 -0.06 -0.06 -0.06 290.94 34.19 149.88
306.0 -3.19 161.56 -0.06 -0.06 -0.06 291.13 34.06 149.94
