193.5 -9.38 -109.44 -0.06 -0.06 -0.06 158.56 -7.38 -133.0
193.06 -9.13 -108.56 -0.06 -0.06 -0.06 159.69 -7.88 -132.25
192.81 -8.5 -106.94 -0.06 -0.06 -0.06 160.5 -8.31 -130.69
192.13 -7.75 -105.0 -0.06 -0.06 -0.06 161.44 -8.81 -129.0
191.63 -7.19 -103.56 -0.06 -0.06 -0.06 162.94 -9.31 -127.44
192.0 -7.13 -103.25 -0.06 -0.06 -0.06 164.06 -9.56 -127.12
192.25 -7.31 -102.94 -0.06 -0.06 -0.06 165.5 -10.0 -126.81
192.38 -7.44 -102.37 -0.06 -0.06 -0.06 166.5 -10.56 -126.5
192.38 -7.13 -101.12 -0.06 -0.06 -0.06 167.69 -11.13 -125.44
191.81 -6.38 -99.44 -0.06 -0.06 -0.06 169.06 -11.69 -123.19
191.44 -5.94 -98.31 -0.06 -0.06 -0.06 169.56 -11.94 -122.0
190.69 -5.19 -96.25 -0.06 -0.06 -0.06 170.31 -12.56 -119.87
190.13 -4.81 -94.37 -0.06 -0.06 -0.06 171.31 -13.31 -118.37
189.75 -4.13 -92.5 -0.06 -0.06 -0.06 172.25 -14.06 -116.5
188.88 -2.94 -90.06 -0.06 -0.06 -0.06 173.0 -14.56 -113.75
188.31 -2.06 -88.69 -0.06 -0.06 -0.06 173.25 -14.75 -112.0
187.19 -0.31 -85.62 -0.06 -0.06 -0.06 173.81 -15.06 -108.37
186.06 1.19 -82.56 -0.06 -0.06 -0.06 174.44 -15.5 -104.94
185.31 2.56 -80.06 -0.06 -0.06 -0.06 174.94 -16.0 -102.37
184.81 3.81 -78.12 -0.06 -0.06 -0.06 175.69 -16.37 -99.94
184.5 4.69 -77.19 -0.06 -0.06 -0.06 176.0 -16.44 -98.5
183.38 7.25 -74.44 -0.06 -0.06 -0.06 176.5 -16.0 -94.06
181.81 10.63 -70.19 -0.06 -0.06 -0.06 176.81 -15.19 -88.37
179.88 14.13 -65.87 -0.06 -0.06 -0.06 176.69 -14.19 -82.69
178.19 17.37 -61.31 -0.06 -0.06 -0.06 176.81 -13.44 -77.37
176.25 20.94 -56.13 -0.06 -0.06 -0.06 176.94 -12.5 -71.44
174.94 23.12 -52.81 -0.06 -0.06 -0.06 176.94 -11.56 -67.81
171.69 28.69 -43.38 -0.06 -0.06 -0.06 176.56 -8.31 -58.13
167.75 34.69 -30.37 -0.06 -0.06 -0.06 175.56 -3.69 -46.56
163.69 39.06 -16.44 -0.06 -0.06 -0.06 174.31 0.44 -35.69
159.88 41.13 -3.19 -0.06 -0.06 -0.06 173.19 4.0 -26.31
157.81 41.5 3.38 -0.06 -0.06 -0.06 172.38 5.81 -21.69
153.69 41.38 17.37 -0.06 -0.06 -0.06 170.38 9.81 -11.56
150.06 38.94 27.56 -0.06 -0.06 -0.06 168.5 11.38 -3.5
146.31 36.06 34.75 -0.06 -0.06 -0.06 166.88 11.5 2.56
142.69 33.0 42.0 -0.06 -0.06 -0.06 165.69 11.69 9.63
140.25 29.5 46.81 -0.06 -0.06 -0.06 164.63 11.06 14.81
139.31 27.87 48.25 -0.06 -0.06 -0.06 164.25 10.69 16.62
137.56 25.69 51.31 -0.06 -0.06 -0.06 163.5 10.5 20.06
136.5 24.44 53.19 -0.06 -0.06 -0.06 163.44 10.13 22.37
136.25 23.81 53.5 -0.06 -0.06 -0.06 163.88 9.5 22.56
136.44 23.56 53.5 -0.06 -0.06 -0.06 164.31 9.25 22.75
136.75 23.56 53.38 -0.06 -0.06 -0.06 164.63 9.19 22.62
137.38 23.5 53.06 -0.06 -0.06 -0.06 165.31 8.94 22.37
137.56 23.31 52.88 -0.06 -0.06 -0.06 165.56 8.63 22.44
137.38 23.31 52.63 -0.06 -0.06 -0.06 165.13 8.63 22.31
136.56 23.37 52.63 -0.06 -0.06 -0.06 164.44 8.75 22.62
136.44 23.25 52.81 -0.06 -0.06 -0.06 164.63 8.56 22.87
136.75 22.94 52.75 -0.06 -0.06 -0.06 164.81 8.31 22.87
137.44 22.5 52.75 -0.06 -0.06 -0.06 165.19 8.13 22.87
137.38 22.56 52.94 -0.06 -0.06 -0.06 165.13 8.19 22.94
137.13 22.62 52.75 -0.06 -0.06 -0.06 165.06 8.06 22.87
137.13 22.56 52.69 -0.06 -0.06 -0.06 165.13 7.94 22.87
137.25 22.37 52.69 -0.06 -0.06 -0.06 165.13 7.81 22.94
137.44 22.06 52.75 -0.06 -0.06 -0.06 165.25 7.63 23.12
137.44 22.06 52.88 -0.06 -0.06 -0.06 165.31 7.63 23.19
137.38 22.06 52.94 -0.06 -0.06 -0.06 165.31 7.56 23.19
137.31 22.06 53.06 -0.06 -0.06 -0.06 165.38 7.63 23.37
137.5 22.0 53.0 -0.06 -0.06 -0.06 165.5 7.5 23.37
137.63 21.94 52.88 -0.06 -0.06 -0.06 165.56 7.38 23.31
137.75 21.94 52.69 -0.06 -0.06 -0.06 165.56 7.38 23.12
137.56 22.12 52.69 -0.06 -0.06 -0.06 165.5 7.38 23.06
137.63 22.12 52.56 -0.06 -0.06 -0.06 165.69 7.25 22.94
137.75 22.06 52.56 -0.06 -0.06 -0.06 165.94 7.19 22.87
138.06 22.0 52.63 -0.06 -0.06 -0.06 166.06 7.13 22.94
138.13 22.06 52.63 -0.06 -0.06 -0.06 166.13 7.19 22.94
137.94 22.19 52.63 -0.06 -0.06 -0.06 166.06 7.31 22.87
137.88 22.37 52.56 -0.06 -0.06 -0.06 166.19 7.31 22.69
138.0 22.44 52.56 -0.06 -0.06 -0.06 166.44 7.06 22.62
138.31 22.31 52.69 -0.06 -0.06 -0.06 166.88 6.88 22.62
138.38 22.25 52.88 -0.06 -0.06 -0.06 167.0 6.81 22.81
138.38 22.19 53.06 -0.06 -0.06 -0.06 166.88 6.88 22.94
138.13 22.31 53.06 -0.06 -0.06 -0.06 166.63 6.88 22.94
138.0 22.5 53.0 -0.06 -0.06 -0.06 166.69 6.94 22.75
138.19 22.5 53.0 -0.06 -0.06 -0.06 166.69 6.94 22.75
138.44 22.5 53.0 -0.06 -0.06 -0.06 166.81 6.94 22.75
