137.63 28.62 -27.81 0.0 0.0 0.0 133.44 6.44 -36.0
137.56 28.62 -27.94 0.0 0.0 0.0 133.44 6.31 -36.0
137.56 28.56 -28.19 0.0 0.0 0.0 133.56 6.06 -36.25
137.5 28.5 -28.44 0.0 0.0 0.0 133.63 5.75 -36.44
137.44 28.37 -28.5 0.0 0.0 0.0 133.69 5.56 -36.5
137.31 28.31 -28.44 0.0 0.0 0.0 133.63 5.44 -36.38
137.25 28.25 -28.25 0.0 0.0 0.0 133.5 5.56 -36.25
137.25 28.31 -28.06 0.0 0.0 0.0 133.38 5.88 -36.13
137.31 28.37 -27.94 0.0 0.0 0.0 133.44 6.0 -36.06
137.38 28.31 -28.12 0.0 0.0 0.0 133.5 5.94 -36.25
137.38 28.12 -28.31 0.0 0.0 0.0 133.5 5.75 -36.38
137.38 28.0 -28.31 0.0 0.0 0.0 133.56 5.56 -36.5
137.5 27.81 -28.31 0.0 0.0 0.0 133.63 5.5 -36.5
137.63 27.69 -28.37 0.0 0.0 0.0 133.69 5.56 -36.5
137.63 27.62 -28.37 0.0 0.0 0.0 133.69 5.5 -36.5
137.69 27.5 -28.44 0.0 0.0 0.0 133.81 5.44 -36.56
137.69 27.5 -28.5 0.0 0.0 0.0 133.88 5.44 -36.63
137.69 27.44 -28.62 0.0 0.0 0.0 133.88 5.38 -36.75
137.69 27.37 -28.75 0.0 0.0 0.0 133.94 5.31 -36.88
137.75 27.25 -28.87 0.0 0.0 0.0 133.94 5.31 -36.94
137.69 27.25 -29.0 0.0 0.0 0.0 133.94 5.31 -37.0
137.63 27.19 -29.06 0.0 0.0 0.0 133.81 5.5 -37.0
137.56 27.25 -29.12 0.0 0.0 0.0 133.75 5.69 -37.0
137.5 27.37 -29.19 0.0 0.0 0.0 133.63 5.94 -37.06
137.5 27.5 -29.19 0.0 0.0 0.0 133.56 6.25 -37.0
137.5 27.62 -29.19 0.0 0.0 0.0 133.5 6.63 -37.06
137.5 27.69 -29.19 0.0 0.0 0.0 133.44 6.81 -37.0
137.44 27.81 -29.25 0.0 0.0 0.0 133.13 7.69 -37.06
137.38 28.0 -29.37 0.0 0.0 0.0 133.0 8.06 -37.06
137.38 28.12 -29.44 0.0 0.0 0.0 132.75 8.75 -37.06
137.44 28.12 -29.44 0.0 0.0 0.0 132.63 9.25 -37.06
137.5 28.12 -29.5 0.0 0.0 0.0 132.63 9.38 -37.06
137.5 28.19 -29.56 0.0 0.0 0.0 132.63 9.0 -37.13
137.44 28.31 -29.69 0.0 0.0 0.0 133.25 6.88 -37.25
137.31 28.44 -29.87 0.0 0.0 0.0 135.06 0.88 -38.19
137.19 28.44 -30.0 0.0 0.0 0.0 137.88 -8.13 -39.25
137.06 28.25 -30.0 0.0 0.0 0.0 141.31 -20.0 -40.0
137.0 28.0 -29.75 0.0 0.0 0.0 144.81 -31.94 -41.06
136.88 27.75 -29.5 0.0 0.0 0.0 146.44 -39.0 -40.5
136.75 27.69 -29.44 0.0 0.0 0.0 147.5 -43.06 -40.19
136.69 27.94 -29.56 0.0 0.0 0.0 148.44 -46.38 -40.44
136.56 28.0 -29.81 0.0 0.0 0.0 149.25 -49.0 -40.81
136.38 28.06 -29.94 0.0 0.0 0.0 149.44 -49.63 -40.94
136.25 28.25 -30.0 0.0 0.0 0.0 148.81 -47.75 -40.75
136.25 28.37 -30.06 0.0 0.0 0.0 148.25 -46.06 -40.38
136.19 28.5 -30.12 0.0 0.0 0.0 148.5 -47.0 -40.44
136.13 28.5 -30.12 0.0 0.0 0.0 149.06 -49.0 -40.75
136.06 28.44 -30.19 0.0 0.0 0.0 149.25 -49.94 -41.0
136.0 28.44 -30.25 0.0 0.0 0.0 149.13 -49.69 -41.0
136.0 28.62 -30.31 0.0 0.0 0.0 148.81 -48.94 -40.88
135.94 28.69 -30.31 0.0 0.0 0.0 148.94 -49.31 -40.81
135.94 28.62 -30.31 0.0 0.0 0.0 149.0 -49.69 -40.88
136.0 28.5 -30.25 0.0 0.0 0.0 149.25 -50.25 -41.06
136.06 28.44 -30.25 0.0 0.0 0.0 149.06 -49.69 -41.06
136.06 28.56 -30.37 0.0 0.0 0.0 148.88 -49.19 -41.06
136.0 28.56 -30.44 0.0 0.0 0.0 148.69 -48.81 -40.94
136.0 28.44 -30.37 0.0 0.0 0.0 148.81 -49.38 -41.06
136.06 28.25 -30.37 0.0 0.0 0.0 148.88 -49.88 -41.06
136.06 28.19 -30.37 0.0 0.0 0.0 148.94 -50.0 -41.13
136.0 28.25 -30.44 0.0 0.0 0.0 148.81 -49.81 -41.06
136.0 28.31 -30.5 0.0 0.0 0.0 148.69 -49.44 -41.0
136.0 28.25 -30.44 0.0 0.0 0.0 148.69 -49.5 -40.94
136.0 28.19 -30.31 0.0 0.0 0.0 148.75 -49.69 -40.94
136.0 28.12 -30.31 0.0 0.0 0.0 148.75 -49.81 -41.0
136.0 28.19 -30.44 0.0 0.0 0.0 148.69 -49.69 -41.06
136.0 28.19 -30.56 0.0 0.0 0.0 148.56 -49.5 -41.06
135.94 28.19 -30.62 0.0 0.0 0.0 148.56 -49.56 -41.06
135.88 28.06 -30.62 0.0 0.0 0.0 148.69 -49.94 -41.06
135.94 28.0 -30.56 0.0 0.0 0.0 148.81 -50.25 -41.06
135.94 27.94 -30.56 0.0 0.0 0.0 148.75 -50.38 -41.19
135.94 27.94 -30.62 0.0 0.0 0.0 148.63 -50.06 -41.19
135.88 28.0 -30.69 0.0 0.0 0.0 148.44 -49.94 -41.19
135.88 28.0 -30.69 0.0 0.0 0.0 148.38 -50.06 -41.19
135.81 28.06 -30.62 0.0 0.0 0.0 148.38 -50.13 -41.19
135.81 28.06 -30.62 0.0 0.0 0.0 148.25 -49.94 -41.19
135.75 28.12 -30.69 0.0 0.0 0.0 148.13 -49.81 -41.19
