-2.12 -1.58 -1.22
-2.19 -1.97 -2.06
-1.81 -2.41 -1.45
-1.35 -2.43 -1.61
-0.98 -2.46 -1.8
-0.28 -3.63 -1.04
0.64 -5.59 0.65
1.02 -6.33 1.1
1.3 -6.88 1.22
0.76 -7.41 1.97
0.9 -7.97 2.87
0.52 -7.4 2.56
-0.89 -3.72 0.78
-1.61 -2.0 0.73
-2.47 1.35 0.16
-3.58 4.14 -1.04
-5.21 8.26 -3.17
-5.26 7.31 -2.76
-5.03 5.78 -3.0
-4.85 4.66 -5.17
-4.81 4.33 -6.21
-3.4 1.8 -10.04
-3.16 1.32 -10.64
-1.41 -0.92 -9.68
-1.47 -0.95 -6.69
-1.48 -0.64 -5.59
-1.98 0.04 -0.28
-2.32 0.3 1.32
-3.21 1.36 7.34
-3.27 2.51 10.42
-3.21 2.91 10.86
-2.05 4.0 10.19
-1.67 4.2 9.71
-1.12 5.39 7.25
-2.16 6.35 5.38
-2.68 6.11 4.44
-2.44 4.5 2.36
-1.14 1.7 1.58
0.44 -1.75 0.12
1.11 -3.43 -0.55
2.05 -5.48 -0.57
2.36 -5.84 -0.64
2.29 -5.7 -0.44
2.36 -5.42 0.59
2.23 -4.78 1.9
1.81 -4.02 4.3
0.88 -2.82 6.3
0.36 -2.67 7.44
0.05 -2.68 7.48
-0.28 -2.37 6.85
-1.07 -2.1 5.95
-2.0 -1.96 5.17
-2.91 -1.89 3.2
-3.31 -2.08 0.71
-3.82 -1.44 -1.36
-3.67 -0.41 -4.83
-3.34 0.2 -6.82
-2.33 0.63 -8.67
-2.0 0.7 -9.36
-1.49 0.88 -8.98
-1.32 1.04 -8.59
-0.78 0.38 -6.36
-0.24 -0.02 -4.87
0.25 -0.33 -2.75
0.16 -0.23 -0.87
0.02 -0.12 -0.36
-0.32 -0.24 1.01
-0.43 -0.15 1.25
-0.42 0.06 1.52
-0.23 0.42 1.27
-0.16 0.49 1.22
0.12 0.06 0.75
0.45 -0.22 0.6
0.4 -0.19 0.37
0.27 -0.1 0.34
0.32 -0.29 0.33
