108.69 39.69 -18.75
107.75 42.44 -19.87
107.62 43.69 -20.81
107.87 44.56 -21.44
108.0 45.31 -23.19
108.19 45.56 -24.5
108.69 45.44 -25.12
109.62 45.06 -25.75
110.25 44.81 -26.31
111.0 44.13 -26.75
111.75 43.13 -27.37
112.31 42.75 -27.87
113.0 42.25 -28.06
114.44 41.0 -28.12
115.62 39.38 -28.19
117.12 36.94 -27.94
119.81 32.25 -26.37
122.12 28.44 -24.56
124.62 24.0 -21.81
126.75 18.56 -18.75
129.06 9.44 -15.19
130.5 3.38 -13.69
132.63 -4.69 -11.56
133.88 -8.75 -9.81
135.13 -12.0 -7.81
136.44 -14.5 -5.94
138.56 -16.56 -3.94
140.19 -16.56 -2.81
141.81 -15.19 -2.19
144.31 -10.44 -2.19
146.13 -6.13 -2.69
147.88 -1.56 -3.81
150.0 5.63 -6.38
151.25 10.38 -8.0
152.38 14.5 -9.31
153.69 18.56 -11.56
154.25 20.25 -13.06
154.88 21.31 -14.06
155.75 22.75 -14.5
156.19 23.06 -14.25
156.63 21.44 -13.44
156.69 19.37 -12.38
156.5 16.87 -11.0
156.44 13.75 -9.44
156.81 7.81 -6.75
157.06 4.06 -5.0
157.44 0.5 -3.69
159.25 -3.88 -2.63
160.69 -4.5 -2.31
163.13 -3.31 -2.06
165.94 0.31 -2.25
167.94 3.25 -3.06
169.88 6.69 -4.31
172.44 12.38 -6.0
174.06 16.75 -7.63
175.63 21.0 -9.63
177.25 25.75 -12.69
177.88 28.25 -14.5
178.38 30.44 -16.06
178.38 32.81 -17.69
178.13 33.75 -18.37
177.94 34.44 -18.62
177.88 35.44 -18.75
177.69 35.69 -18.94
177.5 35.63 -19.12
177.38 34.94 -19.25
177.56 34.5 -19.0
177.63 34.13 -18.69
177.5 33.56 -18.5
177.44 33.25 -18.37
177.5 33.06 -18.25
177.5 32.94 -18.44
177.38 32.81 -18.69
177.31 32.63 -18.94
177.38 32.69 -19.06
177.38 32.81 -19.12
