124.75 44.5 -99.12 -0.06 -0.06 -0.06 99.62 18.25 -79.56
124.69 44.69 -99.37 -0.06 -0.06 -0.06 99.69 18.44 -79.75
124.69 44.81 -99.0 -0.06 -0.06 -0.06 99.94 18.94 -79.81
124.62 44.88 -98.56 -0.06 -0.06 -0.06 100.0 19.37 -79.87
124.5 45.0 -97.94 -0.06 -0.06 -0.06 100.0 19.81 -79.69
124.31 45.44 -98.31 -0.06 -0.06 -0.06 99.94 19.94 -79.44
124.19 45.94 -99.0 -0.06 -0.06 -0.06 100.0 20.62 -79.12
124.25 46.19 -99.19 -0.06 -0.06 -0.06 100.37 22.12 -79.37
124.31 46.13 -99.0 -0.06 -0.06 -0.06 100.37 23.12 -79.62
123.94 46.06 -98.0 -0.06 -0.06 -0.06 100.31 23.5 -79.75
123.81 46.06 -97.25 -0.06 -0.06 -0.06 100.75 24.56 -79.94
124.25 46.25 -97.5 -0.06 -0.06 -0.06 101.5 25.69 -80.0
124.62 46.5 -97.44 -0.06 -0.06 -0.06 102.19 26.37 -79.75
124.75 46.44 -96.87 -0.06 -0.06 -0.06 102.44 27.19 -79.94
124.75 46.31 -95.87 -0.06 -0.06 -0.06 102.62 27.5 -79.81
124.81 46.31 -95.81 -0.06 -0.06 -0.06 102.81 28.44 -79.5
125.12 46.56 -96.25 -0.06 -0.06 -0.06 103.19 28.75 -78.62
125.25 46.56 -96.25 -0.06 -0.06 -0.06 103.25 28.62 -78.37
125.19 46.5 -95.94 -0.06 -0.06 -0.06 103.25 29.44 -78.94
125.19 46.19 -95.5 -0.06 -0.06 -0.06 103.44 30.12 -79.31
125.37 46.13 -95.69 -0.06 -0.06 -0.06 103.69 30.5 -79.62
125.62 46.06 -95.81 -0.06 -0.06 -0.06 103.87 30.81 -79.87
125.75 46.19 -95.56 -0.06 -0.06 -0.06 104.19 31.62 -79.87
125.94 46.19 -95.25 -0.06 -0.06 -0.06 104.44 32.56 -80.25
126.0 46.13 -95.06 -0.06 -0.06 -0.06 104.5 32.81 -80.37
126.0 46.0 -95.0 -0.06 -0.06 -0.06 104.56 33.19 -80.75
126.25 46.06 -95.31 -0.06 -0.06 -0.06 104.69 32.75 -80.56
126.25 46.13 -95.06 -0.06 -0.06 -0.06 104.75 32.5 -80.19
126.37 46.19 -94.56 -0.06 -0.06 -0.06 105.0 32.56 -80.0
126.44 46.13 -94.44 -0.06 -0.06 -0.06 105.12 32.88 -80.37
126.5 46.06 -94.81 -0.06 -0.06 -0.06 105.12 32.94 -80.37
126.5 46.13 -95.19 -0.06 -0.06 -0.06 105.0 32.88 -80.37
126.25 46.31 -94.94 -0.06 -0.06 -0.06 104.87 32.88 -80.06
126.31 46.44 -94.62 -0.06 -0.06 -0.06 104.87 33.31 -80.0
126.44 46.63 -95.06 -0.06 -0.06 -0.06 104.81 33.63 -80.06
126.37 46.75 -95.25 -0.06 -0.06 -0.06 104.69 33.81 -80.0
126.12 47.0 -95.75 -0.06 -0.06 -0.06 104.31 33.44 -79.56
125.87 47.13 -95.62 -0.06 -0.06 -0.06 104.12 32.31 -78.44
125.37 47.31 -95.75 -0.06 -0.06 -0.06 103.44 29.19 -76.56
124.62 47.38 -95.94 -0.06 -0.06 -0.06 102.44 24.37 -74.5
124.37 47.31 -96.37 -0.06 -0.06 -0.06 101.12 18.87 -72.94
124.31 46.75 -97.87 -0.06 -0.06 -0.06 100.56 16.75 -72.44
124.19 46.25 -100.31 -0.06 -0.06 -0.06 99.31 14.06 -71.69
123.69 46.06 -101.62 -0.06 -0.06 -0.06 98.5 11.81 -71.0
122.87 46.19 -101.0 -0.06 -0.06 -0.06 97.62 10.13 -70.19
122.12 46.56 -101.0 -0.06 -0.06 -0.06 97.31 8.75 -69.37
122.19 46.63 -101.5 -0.06 -0.06 -0.06 97.31 8.06 -69.19
122.37 46.56 -102.44 -0.06 -0.06 -0.06 97.19 7.19 -68.87
122.37 46.44 -101.81 -0.06 -0.06 -0.06 97.12 6.38 -68.69
122.12 46.44 -100.69 -0.06 -0.06 -0.06 97.06 6.25 -68.56
122.31 46.44 -100.69 -0.06 -0.06 -0.06 97.19 6.44 -68.62
122.56 46.44 -100.94 -0.06 -0.06 -0.06 97.25 6.75 -68.75
122.87 46.31 -101.06 -0.06 -0.06 -0.06 97.25 6.88 -68.81
122.94 46.25 -100.5 -0.06 -0.06 -0.06 97.31 6.75 -68.94
123.0 46.19 -99.69 -0.06 -0.06 -0.06 97.44 6.63 -68.87
123.06 46.19 -99.5 -0.06 -0.06 -0.06 97.5 6.94 -68.75
123.12 46.19 -100.12 -0.06 -0.06 -0.06 97.5 7.25 -68.62
123.12 46.13 -100.44 -0.06 -0.06 -0.06 97.5 7.25 -68.62
123.06 46.13 -100.12 -0.06 -0.06 -0.06 97.5 6.94 -68.62
122.87 46.13 -99.12 -0.06 -0.06 -0.06 97.5 6.63 -68.62
122.81 46.13 -98.69 -0.06 -0.06 -0.06 97.62 6.56 -68.62
122.94 46.13 -99.0 -0.06 -0.06 -0.06 97.69 6.63 -68.69
122.87 46.13 -99.0 -0.06 -0.06 -0.06 97.62 6.44 -68.69
122.81 46.0 -98.69 -0.06 -0.06 -0.06 97.62 6.31 -68.75
122.69 46.0 -98.31 -0.06 -0.06 -0.06 97.62 6.13 -68.69
122.75 46.06 -98.37 -0.06 -0.06 -0.06 97.62 6.19 -68.69
122.75 46.06 -98.69 -0.06 -0.06 -0.06 97.56 6.25 -68.75
122.75 46.06 -98.75 -0.06 -0.06 -0.06 97.56 6.0 -68.81
122.69 46.0 -98.06 -0.06 -0.06 -0.06 97.62 5.94 -68.81
122.69 46.0 -97.31 -0.06 -0.06 -0.06 97.69 6.0 -68.87
122.69 46.13 -97.81 -0.06 -0.06 -0.06 97.69 6.5 -68.87
122.81 46.19 -98.81 -0.06 -0.06 -0.06 97.56 6.75 -68.94
122.56 46.13 -98.75 -0.06 -0.06 -0.06 97.56 6.5 -68.94
122.44 46.13 -98.31 -0.06 -0.06 -0.06 97.62 6.38 -68.94
122.56 46.13 -97.44 -0.06 -0.06 -0.06 97.81 6.38 -69.0
122.75 46.19 -97.5 -0.06 -0.06 -0.06 97.94 6.81 -69.06
