101.06 37.69 -69.62 -0.06 -0.06 -0.06 85.12 21.81 -70.25
101.25 38.0 -69.94 -0.06 -0.06 -0.06 85.12 22.37 -70.31
101.37 38.25 -70.25 -0.06 -0.06 -0.06 85.19 23.75 -70.25
101.56 38.56 -70.75 -0.06 -0.06 -0.06 85.19 25.19 -70.44
101.69 38.75 -71.0 -0.06 -0.06 -0.06 85.31 26.37 -70.62
101.75 38.94 -71.56 -0.06 -0.06 -0.06 85.37 27.12 -70.94
101.81 39.13 -71.94 -0.06 -0.06 -0.06 85.37 27.5 -71.06
101.94 39.13 -72.12 -0.06 -0.06 -0.06 85.37 28.0 -71.12
102.12 39.13 -72.25 -0.06 -0.06 -0.06 85.56 28.12 -71.37
102.19 39.13 -72.31 -0.06 -0.06 -0.06 85.81 28.44 -71.56
102.25 39.06 -72.37 -0.06 -0.06 -0.06 85.87 28.87 -71.87
102.31 39.13 -72.5 -0.06 -0.06 -0.06 86.0 29.31 -72.12
102.31 39.13 -72.62 -0.06 -0.06 -0.06 86.0 29.44 -72.19
102.31 39.13 -72.62 -0.06 -0.06 -0.06 86.06 29.56 -72.37
102.44 39.13 -72.62 -0.06 -0.06 -0.06 86.12 29.75 -72.5
102.5 39.19 -72.62 -0.06 -0.06 -0.06 86.31 30.25 -72.62
102.5 39.25 -72.69 -0.06 -0.06 -0.06 86.37 31.0 -72.94
102.56 39.25 -72.81 -0.06 -0.06 -0.06 86.44 31.37 -73.06
102.5 39.19 -72.87 -0.06 -0.06 -0.06 86.62 31.94 -73.37
102.56 39.19 -72.87 -0.06 -0.06 -0.06 86.81 32.25 -73.56
102.62 39.13 -72.87 -0.06 -0.06 -0.06 86.87 32.5 -73.69
102.69 39.13 -72.81 -0.06 -0.06 -0.06 86.94 32.69 -73.81
102.62 39.19 -72.87 -0.06 -0.06 -0.06 87.0 32.94 -73.87
102.69 39.13 -72.87 -0.06 -0.06 -0.06 86.94 32.94 -73.94
102.69 39.13 -72.81 -0.06 -0.06 -0.06 87.0 32.88 -74.0
102.69 39.13 -72.81 -0.06 -0.06 -0.06 86.94 32.81 -74.0
102.69 39.13 -72.75 -0.06 -0.06 -0.06 86.94 32.75 -74.0
102.69 39.13 -72.75 -0.06 -0.06 -0.06 86.87 32.5 -73.94
102.69 39.19 -72.81 -0.06 -0.06 -0.06 86.87 32.38 -73.87
102.69 39.25 -72.87 -0.06 -0.06 -0.06 86.81 32.19 -73.81
102.62 39.31 -72.94 -0.06 -0.06 -0.06 86.62 32.06 -73.81
102.56 39.44 -73.0 -0.06 -0.06 -0.06 86.69 32.13 -73.75
102.5 39.56 -73.0 -0.06 -0.06 -0.06 86.56 32.06 -73.69
102.44 39.63 -73.0 -0.06 -0.06 -0.06 86.44 31.69 -73.44
102.37 39.69 -73.06 -0.06 -0.06 -0.06 86.25 30.5 -72.94
102.19 39.88 -73.25 -0.06 -0.06 -0.06 86.12 25.87 -71.81
101.81 40.19 -73.94 0.0 0.0 0.0 85.81 16.69 -70.87
101.06 40.56 -74.94 0.0 0.0 0.0 85.06 4.31 -70.94
100.37 40.81 -75.69 0.0 0.0 0.0 84.56 -1.44 -71.69
99.94 41.0 -75.81 0.0 0.0 0.0 84.0 -12.56 -72.81
100.06 41.13 -75.62 0.0 0.0 0.0 84.5 -20.87 -74.12
100.31 41.13 -75.94 0.0 0.0 0.0 84.75 -24.44 -74.87
100.87 41.0 -76.69 0.0 0.0 0.0 84.37 -25.5 -75.44
101.37 40.75 -77.19 0.0 0.0 0.0 84.06 -26.75 -76.69
101.75 40.44 -77.25 0.0 0.0 0.0 84.06 -27.31 -77.62
101.62 40.38 -77.31 0.0 0.0 0.0 84.0 -27.12 -77.69
101.56 40.56 -77.31 0.0 0.0 0.0 84.06 -26.25 -77.12
101.37 40.63 -77.37 0.0 0.0 0.0 83.94 -25.69 -76.69
101.25 40.63 -77.37 0.0 0.0 0.0 83.75 -25.75 -76.5
101.19 40.63 -77.44 0.0 0.0 0.0 83.62 -25.87 -76.44
101.19 40.69 -77.44 0.0 0.0 0.0 83.5 -26.0 -76.5
101.19 40.75 -77.44 0.0 0.0 0.0 83.44 -25.75 -76.37
101.25 40.81 -77.44 0.0 0.0 0.0 83.37 -25.25 -76.06
101.19 40.81 -77.5 0.0 0.0 0.0 83.31 -25.12 -76.06
101.25 40.75 -77.56 0.0 0.0 0.0 83.31 -25.25 -76.25
101.31 40.75 -77.56 0.0 0.0 0.0 83.25 -25.19 -76.37
101.37 40.69 -77.62 0.0 0.0 0.0 83.12 -25.06 -76.5
101.5 40.63 -77.62 0.0 0.0 0.0 83.06 -24.94 -76.44
101.56 40.63 -77.62 0.0 0.0 0.0 83.19 -24.87 -76.37
101.62 40.56 -77.62 0.0 0.0 0.0 83.25 -24.94 -76.44
101.62 40.56 -77.62 0.0 0.0 0.0 83.25 -24.94 -76.56
101.62 40.56 -77.69 0.0 0.0 0.0 83.19 -24.87 -76.62
101.62 40.56 -77.69 0.0 0.0 0.0 83.12 -24.81 -76.69
101.62 40.56 -77.69 0.0 0.0 0.0 83.06 -24.81 -76.69
101.62 40.56 -77.75 0.0 0.0 0.0 83.06 -24.81 -76.75
101.62 40.5 -77.81 0.0 0.0 0.0 83.12 -24.87 -76.75
101.62 40.5 -77.75 0.0 0.0 0.0 83.19 -24.87 -76.69
101.62 40.56 -77.75 0.0 0.0 0.0 83.19 -24.87 -76.69
101.69 40.56 -77.75 0.0 0.0 0.0 83.19 -24.81 -76.62
101.75 40.56 -77.81 0.0 0.0 0.0 83.25 -24.75 -76.69
101.81 40.56 -77.94 0.0 0.0 0.0 83.19 -24.69 -76.69
101.75 40.5 -78.0 0.0 0.0 0.0 83.19 -24.69 -76.69
101.81 40.5 -78.0 0.0 0.0 0.0 83.19 -24.75 -76.69
101.69 40.5 -78.0 0.0 0.0 0.0 83.19 -24.75 -76.69
101.62 40.5 -78.0 0.0 0.0 0.0 83.12 -24.75 -76.69
101.62 40.56 -78.0 0.0 0.0 0.0 83.12 -24.81 -76.69
