90.5 35.81 -50.13 65.5 21.62 39.38 74.56 -4.81 -47.38
90.37 35.94 -50.31 63.94 21.87 39.75 74.56 -5.13 -47.31
90.19 35.88 -50.06 63.38 21.94 40.06 74.5 -5.38 -47.25
89.94 35.94 -49.69 62.13 22.12 41.38 74.37 -4.88 -46.75
90.0 36.31 -49.75 61.94 22.12 41.75 74.5 -3.56 -46.25
90.31 36.5 -49.63 61.88 21.87 41.94 74.87 -2.38 -45.88
90.62 36.25 -49.25 61.88 21.5 42.19 75.19 -1.81 -45.63
90.94 35.75 -49.0 61.88 21.19 42.13 75.44 -2.13 -45.81
91.0 35.38 -48.88 61.69 20.94 42.0 75.5 -2.63 -45.88
90.81 35.25 -48.69 61.69 20.75 42.38 75.37 -3.69 -45.81
90.62 35.44 -48.38 62.06 20.5 42.88 75.19 -5.19 -45.81
90.62 35.69 -48.31 63.44 20.31 43.0 75.0 -6.81 -46.0
90.75 35.69 -48.19 66.0 19.69 42.13 75.0 -8.88 -46.31
90.75 35.19 -47.56 68.0 18.81 41.44 74.94 -11.5 -46.56
90.62 34.69 -46.69 70.12 17.69 41.06 75.0 -13.5 -46.69
90.25 35.0 -46.19 74.06 16.5 40.56 75.12 -15.44 -46.56
89.81 35.44 -46.19 79.44 15.88 39.56 74.94 -17.56 -46.69
89.5 35.38 -46.19 83.0 16.19 38.25 74.94 -19.19 -46.88
89.12 34.94 -46.06 84.12 17.19 37.75 74.81 -20.19 -47.19
88.87 34.75 -46.06 85.87 18.0 36.69 74.87 -20.81 -47.25
88.75 35.06 -46.13 86.44 19.56 36.63 75.06 -21.25 -47.19
88.69 35.19 -46.31 84.94 21.44 37.69 75.19 -21.75 -47.31
88.69 35.0 -46.56 81.94 23.19 39.81 75.19 -22.44 -47.56
88.62 34.63 -46.63 79.62 24.25 41.31 75.19 -23.5 -47.94
88.5 34.5 -46.5 78.37 24.94 42.19 75.12 -24.19 -48.06
88.37 34.88 -46.44 78.56 25.75 42.63 75.19 -23.87 -47.69
88.19 35.13 -46.69 79.0 26.31 42.56 75.0 -23.81 -47.38
88.0 34.94 -46.69 78.69 26.5 42.69 74.69 -24.44 -47.38
87.87 34.63 -46.5 78.12 26.37 42.75 74.56 -25.12 -47.44
87.87 34.69 -46.56 77.62 26.25 42.94 74.62 -25.31 -47.44
87.87 34.75 -46.69 77.56 26.25 42.94 74.56 -25.25 -47.31
87.81 34.63 -46.63 77.44 26.19 42.69 74.56 -25.25 -47.31
87.75 34.5 -46.63 77.25 25.94 42.5 74.5 -25.56 -47.38
87.56 34.44 -46.63 76.75 25.75 42.44 74.31 -25.94 -47.38
87.5 34.56 -46.69 76.0 25.62 42.69 74.25 -25.94 -47.13
87.5 34.69 -46.75 75.5 25.62 43.0 74.19 -26.0 -47.06
87.44 34.69 -46.69 75.06 25.56 43.06 74.19 -26.0 -47.0
87.37 34.63 -46.63 74.37 25.37 43.31 74.12 -26.19 -47.06
87.31 34.56 -46.56 73.5 25.12 43.5 74.12 -26.19 -47.19
87.25 34.75 -46.63 72.25 24.94 44.06 74.06 -25.62 -47.25
87.31 35.19 -46.94 70.69 25.0 44.75 74.0 -24.31 -47.13
87.69 35.31 -47.13 -0.06 -0.06 -0.06 74.19 -21.12 -46.38
88.87 34.75 -46.75 -0.06 -0.06 -0.06 75.06 -12.5 -43.94
90.75 33.88 -45.88 -0.06 -0.06 -0.06 76.87 0.25 -40.75
91.69 33.31 -45.5 -0.06 -0.06 -0.06 79.31 7.38 -40.5
92.56 32.5 -44.81 -0.06 -0.06 -0.06 80.0 9.38 -40.75
92.81 32.38 -44.0 -0.06 -0.06 -0.06 81.37 12.56 -40.25
93.0 32.69 -43.13 -0.06 -0.06 -0.06 82.37 14.88 -39.88
93.0 32.94 -42.44 -0.06 -0.06 -0.06 83.0 16.62 -39.31
93.12 32.94 -42.13 -0.06 -0.06 -0.06 83.62 17.81 -39.38
93.31 32.88 -42.19 -0.06 -0.06 -0.06 83.94 18.25 -39.63
93.81 32.81 -42.44 -0.06 -0.06 -0.06 84.5 18.75 -40.0
94.25 32.69 -42.63 -0.06 -0.06 -0.06 85.0 19.0 -40.44
94.06 32.63 -42.56 -0.06 -0.06 -0.06 85.0 19.31 -40.44
93.87 32.63 -42.75 -0.06 -0.06 -0.06 84.94 19.44 -40.63
93.81 32.69 -42.88 -0.06 -0.06 -0.06 84.87 19.56 -40.75
93.94 32.94 -43.25 -0.06 -0.06 -0.06 85.0 19.62 -40.94
94.19 32.94 -43.5 -0.06 -0.06 -0.06 85.06 19.56 -41.19
94.12 33.0 -43.56 -0.06 -0.06 -0.06 85.0 19.81 -41.25
94.06 33.19 -43.75 -0.06 -0.06 -0.06 84.87 20.06 -41.38
94.06 33.44 -44.0 -0.06 -0.06 -0.06 84.87 20.12 -41.56
94.06 33.44 -44.13 -0.06 -0.06 -0.06 84.81 20.06 -41.63
94.12 33.31 -44.13 -0.06 -0.06 -0.06 84.75 20.06 -41.56
94.06 33.06 -44.13 -0.06 -0.06 -0.06 84.69 20.0 -41.56
94.0 33.0 -44.38 -0.06 -0.06 -0.06 84.62 20.0 -41.81
94.06 33.06 -44.63 -0.06 -0.06 -0.06 84.62 19.94 -42.0
94.12 33.13 -44.75 -0.06 -0.06 -0.06 84.62 19.87 -42.13
94.06 33.13 -44.75 -0.06 -0.06 -0.06 84.5 19.75 -42.13
93.94 33.31 -44.94 -0.06 -0.06 -0.06 84.25 19.69 -42.0
93.81 33.38 -45.13 -0.06 -0.06 -0.06 84.19 19.69 -42.06
93.94 33.38 -45.19 -0.06 -0.06 -0.06 84.19 19.62 -42.06
94.0 33.44 -45.19 -0.06 -0.06 -0.06 84.25 19.56 -42.06
94.06 33.38 -45.19 -0.06 -0.06 -0.06 84.25 19.5 -42.19
93.94 33.44 -45.31 -0.06 -0.06 -0.06 84.0 19.62 -42.13
93.81 33.5 -45.38 -0.06 -0.06 -0.06 83.81 19.56 -42.06
93.81 33.44 -45.38 -0.06 -0.06 -0.06 83.75 19.5 -42.06
