135.63 36.44 -78.56 0.0 0.0 0.0 120.37 7.56 -75.69
135.63 36.81 -78.25 0.0 0.0 0.0 120.87 8.06 -75.0
135.75 37.13 -77.62 0.0 0.0 0.0 121.31 7.81 -74.31
135.69 37.31 -76.81 0.0 0.0 0.0 121.56 6.81 -73.69
135.56 37.38 -76.25 0.0 0.0 0.0 121.62 5.81 -73.44
135.69 37.69 -76.5 0.0 0.0 0.0 121.75 5.56 -73.44
135.69 38.25 -76.87 0.0 0.0 0.0 121.75 5.88 -73.25
135.56 38.44 -76.81 0.0 0.0 0.0 121.81 6.0 -72.75
135.31 38.44 -75.81 0.0 0.0 0.0 121.94 5.63 -72.37
135.19 38.19 -75.06 0.0 0.0 0.0 121.94 4.31 -72.25
135.13 38.06 -74.87 0.0 0.0 0.0 122.0 3.56 -72.31
135.31 38.13 -75.0 0.0 0.0 0.0 122.19 1.88 -72.37
135.44 38.31 -74.87 0.0 0.0 0.0 122.37 -2.25 -71.75
135.25 38.25 -74.12 0.0 0.0 0.0 121.75 -14.25 -72.31
135.06 37.94 -73.31 0.0 0.0 0.0 121.75 -20.12 -73.19
135.19 37.38 -72.69 0.0 0.0 0.0 121.81 -22.12 -73.75
135.38 36.75 -72.5 0.0 0.0 0.0 121.94 -25.75 -75.12
135.56 36.06 -72.62 0.0 0.0 0.0 122.0 -26.44 -75.56
136.06 35.56 -72.87 0.0 0.0 0.0 122.37 -27.12 -76.69
136.56 35.31 -73.25 0.0 0.0 0.0 122.69 -27.37 -77.0
136.63 35.25 -73.62 0.0 0.0 0.0 122.81 -27.69 -76.94
136.13 35.13 -73.62 0.0 0.0 0.0 122.75 -28.31 -76.62
135.63 35.19 -73.37 0.0 0.0 0.0 122.75 -29.31 -76.06
135.25 35.5 -73.31 0.0 0.0 0.0 122.69 -30.06 -75.19
135.13 35.75 -73.44 0.0 0.0 0.0 122.5 -30.56 -75.06
134.88 36.0 -73.5 0.0 0.0 0.0 122.06 -30.5 -75.37
134.5 36.13 -73.37 0.0 0.0 0.0 121.69 -30.5 -75.87
134.38 36.0 -72.56 0.0 0.0 0.0 121.69 -30.87 -76.12
134.25 35.94 -71.75 0.0 0.0 0.0 121.75 -31.12 -76.25
134.06 36.13 -71.37 0.0 0.0 0.0 121.5 -31.62 -76.44
134.19 36.44 -71.19 0.0 0.0 0.0 121.5 -31.75 -76.5
134.19 36.69 -70.94 0.0 0.0 0.0 121.56 -31.62 -76.5
133.94 36.56 -70.31 0.0 0.0 0.0 121.56 -31.25 -76.31
134.0 36.44 -69.62 -0.06 -0.06 -0.06 121.75 -31.37 -76.19
134.06 36.56 -69.25 -0.06 -0.06 -0.06 122.0 -30.94 -75.87
134.13 36.88 -68.81 -0.06 -0.06 -0.06 122.0 -27.56 -75.25
133.88 37.19 -68.62 -0.06 -0.06 -0.06 121.37 -16.12 -72.87
135.56 36.69 -67.81 -0.06 -0.06 -0.06 122.44 2.56 -68.87
137.19 35.13 -66.81 -0.06 -0.06 -0.06 123.94 10.06 -67.81
137.31 34.56 -66.81 -0.06 -0.06 -0.06 126.31 17.37 -69.06
137.5 34.38 -67.31 -0.06 -0.06 -0.06 127.0 20.12 -70.81
138.13 34.75 -67.37 -0.06 -0.06 -0.06 128.25 21.81 -71.44
138.5 35.25 -67.56 -0.06 -0.06 -0.06 128.94 22.81 -71.75
138.88 35.0 -67.69 -0.06 -0.06 -0.06 129.38 22.87 -71.94
139.19 34.31 -67.5 -0.06 -0.06 -0.06 129.56 22.44 -71.94
139.19 34.0 -67.5 -0.06 -0.06 -0.06 129.81 22.06 -72.31
139.38 34.0 -67.87 -0.06 -0.06 -0.06 129.94 22.0 -72.62
139.25 34.19 -68.44 -0.06 -0.06 -0.06 129.81 21.81 -72.81
139.25 34.13 -68.62 -0.06 -0.06 -0.06 129.69 21.19 -72.87
139.56 33.88 -68.25 -0.06 -0.06 -0.06 129.75 20.75 -72.81
139.63 33.56 -67.94 -0.06 -0.06 -0.06 129.94 20.19 -72.56
139.56 33.5 -68.0 -0.06 -0.06 -0.06 129.94 20.25 -72.75
139.63 33.63 -68.31 -0.06 -0.06 -0.06 129.94 20.62 -72.94
139.69 33.81 -68.5 -0.06 -0.06 -0.06 130.0 20.75 -72.87
139.63 33.81 -68.44 -0.06 -0.06 -0.06 129.88 20.44 -72.87
139.63 33.69 -68.31 -0.06 -0.06 -0.06 129.88 20.31 -72.81
139.56 33.81 -68.5 -0.06 -0.06 -0.06 129.88 20.37 -72.94
139.75 33.88 -68.56 -0.06 -0.06 -0.06 129.88 20.75 -73.0
139.81 34.0 -68.44 -0.06 -0.06 -0.06 129.94 20.69 -72.87
139.75 34.0 -68.19 -0.06 -0.06 -0.06 129.94 20.37 -72.62
139.81 33.94 -68.25 -0.06 -0.06 -0.06 129.88 20.25 -72.62
139.88 33.88 -68.62 -0.06 -0.06 -0.06 129.88 20.12 -72.81
139.88 33.88 -68.75 -0.06 -0.06 -0.06 129.81 20.12 -73.06
139.88 33.88 -68.81 -0.06 -0.06 -0.06 129.81 20.12 -73.12
139.81 33.94 -68.56 -0.06 -0.06 -0.06 129.75 20.19 -72.94
139.94 34.0 -68.56 -0.06 -0.06 -0.06 129.88 20.25 -72.94
140.06 34.25 -68.81 -0.06 -0.06 -0.06 129.94 20.31 -73.0
140.13 34.31 -68.69 -0.06 -0.06 -0.06 130.06 20.31 -73.0
140.13 34.25 -68.56 -0.06 -0.06 -0.06 130.06 20.12 -72.81
140.0 34.19 -68.37 -0.06 -0.06 -0.06 130.06 20.06 -72.81
140.13 34.25 -68.5 -0.06 -0.06 -0.06 130.19 20.06 -72.81
140.19 34.31 -68.5 -0.06 -0.06 -0.06 130.19 20.06 -72.87
140.19 34.31 -68.44 -0.06 -0.06 -0.06 130.19 20.12 -72.81
140.19 34.38 -68.44 -0.06 -0.06 -0.06 130.31 20.19 -72.75
140.31 34.44 -68.44 -0.06 -0.06 -0.06 130.31 20.19 -72.69
140.31 34.38 -68.37 -0.06 -0.06 -0.06 130.13 20.31 -72.75
